					Linear interpolation
---------------------------------------------------------------------------------

Actual X mid	Actual Y midpoints	Approximated Y mid	Percent error %
-4.500                  0.047                  0.049                  3.365
3.365
-3.500                  0.075                  0.079                  5.221
5.221
-2.500                  0.138                  0.150                  8.750
8.750
-1.500                  0.308                  0.350                 13.750
13.750
-0.500                  0.800                  0.750                  6.250
6.250
0.500                  0.800                  0.750                  6.250
6.250
1.500                  0.308                  0.350                 13.750
13.750
2.500                  0.138                  0.150                  8.750
8.750
3.500                  0.075                  0.079                  5.221
5.221
4.500                  0.047                  0.049                  3.365
3.365


					Quadratic interpolation
---------------------------------------------------------------------------------

Actual X mid	Actual Y midpoints	Approximated Y mid	Percent error %
-4.500                  0.047                  0.046                  2.163
2.163
-3.500                  0.075                  0.077                  1.773
1.773
-2.500                  0.138                  0.125                  9.375
9.375
-1.500                  0.308                  0.325                  5.625
5.625
-0.500                  0.800                  0.875                  9.375
9.375
0.500                  0.800                  0.875                  9.375
9.375
1.500                  0.308                  0.325                  5.625
5.625
2.500                  0.138                  0.125                  9.375
9.375
3.500                  0.075                  0.077                  1.773
1.773
4.500                  0.047                  0.046                  2.164
2.164
